0.0204541009,0.8614816377,0.1498130000,-0.0000648545
0.0204541009,0.9020736715,0.1931250000,-0.0000617742
0.0204541009,0.9426647170,0.2364370000,-0.0000585451
0.0204541009,0.9832567508,0.2797500000,-0.0000554648
0.0204541009,1.0238489249,0.3230620000,-0.0000515398
0.0204541009,1.0644409587,0.3663750000,-0.0000484595
0.0204541009,1.1050329925,0.4096870000,-0.0000453792
0.0204541009,1.1456240380,0.4530000000,-0.0000421501
0.0204541009,1.1862160717,0.4963120000,-0.0000390698
0.0204541009,1.2268081055,0.5396250000,-0.0000359895
0.0204541009,0.8614816377,-0.1498130000,-0.0000648545
0.0204541009,0.9020736715,-0.1931250000,-0.0000617742
0.0204541009,0.9426647170,-0.2364370000,-0.0000585451
0.0204541009,0.9832567508,-0.2797500000,-0.0000554648
0.0204541009,1.0238489249,-0.3230620000,-0.0000515398
0.0204541009,1.0644409587,-0.3663750000,-0.0000484595
0.0204541009,1.1050329925,-0.4096870000,-0.0000453792
0.0204541009,1.1456240380,-0.4530000000,-0.0000421501
0.0204541009,1.1862160717,-0.4963120000,-0.0000390698
0.0204541009,1.2268081055,-0.5396250000,-0.0000359895
0.1241436372,0.1764476843,0.0514360000,0.0116455384
0.1241436372,0.1809871214,0.0266250000,0.0389588809
0.1241436372,0.1817340072,-0.0137820000,0.0434528186
0.1241436372,0.1782507396,-0.0461160000,0.0224943433
0.1241436372,0.1725779172,-0.0514360000,-0.0116384651
0.1606653763,0.1680384801,-0.0266250000,-0.0389518075
0.1606653763,0.1672915943,0.0137820000,-0.0434457452
0.1606653763,0.1707748619,0.0461160000,-0.0224872700
0.1241436372,0.2066372173,0.0514360000,0.0116465687
0.1241436372,0.2111765141,0.0266250000,0.0389590664
0.1241436372,0.2119233999,-0.0137820000,0.0434530041
0.1241436372,0.2084401323,-0.0461160000,0.0224945289
0.1241436372,0.2027673099,-0.0514360000,-0.0116382796
0.1606653763,0.1982280132,-0.0266250000,-0.0389507773
0.1606653763,0.1974811274,0.0137820000,-0.0434447150
0.1606653763,0.2009642546,0.0461160000,-0.0224870844
0.1241436372,0.2368266100,0.0514360000,0.0116467543
0.1241436372,0.2413660472,0.0266250000,0.0389600967
0.1241436372,0.2421129330,-0.0137820000,0.0434540344
0.1241436372,0.2386296654,-0.0461160000,0.0224955592
0.1241436372,0.2329568430,-0.0514360000,-0.0116372493
0.1606653763,0.2284174059,-0.0266250000,-0.0389505917
0.1606653763,0.2276705201,0.0137820000,-0.0434445294
0.1606653763,0.2311537877,0.0461160000,-0.0224860542
0.1241436372,0.2670161431,0.0514360000,0.0116477845
0.1241436372,0.2715554399,0.0266250000,0.0389602823
0.1241436372,0.2723023257,-0.0137820000,0.0434542200
0.1241436372,0.2688190581,-0.0461160000,0.0224957447
0.1241436372,0.2631462357,-0.0514360000,-0.0116370637
0.1606653763,0.2586069390,-0.0266250000,-0.0389495614
0.1606653763,0.2578600531,0.0137820000,-0.0434434991
0.1606653763,0.2613431804,0.0461160000,-0.0224858686
0.1241436372,0.2972055358,0.0514360000,0.0116479701
0.1241436372,0.3017449730,0.0266250000,0.0389613125
0.1241436372,0.3024918588,-0.0137820000,0.0434552502
0.1241436372,0.2990085912,-0.0461160000,0.0224967750
0.1241436372,0.2933357688,-0.0514360000,-0.0116360335
0.1606653763,0.2887963317,-0.0266250000,-0.0389493759
0.1606653763,0.2880494458,0.0137820000,-0.0434433136
0.1606653763,0.2915327135,0.0461160000,-0.0224848383
0.1241436372,0.3273950689,0.0514360000,0.0116490004
0.1241436372,0.3319343657,0.0266250000,0.0389614981
0.1241436372,0.3326812515,-0.0137820000,0.0434554358
0.1241436372,0.3291979839,-0.0461160000,0.0224969605
0.1241436372,0.3235251615,-0.0514360000,-0.0116358479
0.1606653763,0.3189858647,-0.0266250000,-0.0389483456
0.1606653763,0.3182389789,0.0137820000,-0.0434422833
0.1606653763,0.3217221062,0.0461160000,-0.0224846528
0.1241436372,0.3575844616,0.0514360000,0.0116491859
0.1241436372,0.3621238988,0.0266250000,0.0389625284
0.1241436372,0.3628707846,-0.0137820000,0.0434564661
0.1241436372,0.3593875170,-0.0461160000,0.0224979908
0.1241436372,0.3537146946,-0.0514360000,-0.0116348176
0.1606653763,0.3491752574,-0.0266250000,-0.0389481601
0.1606653763,0.3484283716,0.0137820000,-0.0434420978
0.1606653763,0.3519116393,0.0461160000,-0.0224836225
0.1241436372,0.3877739947,0.0514360000,0.0116502162
0.1241436372,0.3923132915,0.0266250000,0.0389627139
0.1241436372,0.3930601773,-0.0137820000,0.0434566516
0.1241436372,0.3895769097,-0.0461160000,0.0224981763
0.1241436372,0.3839040873,-0.0514360000,-0.0116346321
0.1606653763,0.3793647905,-0.0266250000,-0.0389471298
0.1606653763,0.3786179047,0.0137820000,-0.0434410675
0.1606653763,0.3821010320,0.0461160000,-0.0224834370
0.1241436372,0.4179633874,0.0514360000,0.0116504017
0.1241436372,0.4225028246,0.0266250000,0.0389637442
0.1241436372,0.4232497104,-0.0137820000,0.0434576819
0.1241436372,0.4197664427,-0.0461160000,0.0224992066
0.1241436372,0.4140936204,-0.0514360000,-0.0116336018
0.1606653763,0.4095541832,-0.0266250000,-0.0389469442
0.1606653763,0.4088072974,0.0137820000,-0.0434408819
0.1606653763,0.4122905651,0.0461160000,-0.0224824067
0.1241436372,0.4481529205,0.0514360000,0.0116514320
0.1241436372,0.4526922173,0.0266250000,0.0389639297
0.1241436372,0.4534391031,-0.0137820000,0.0434578674
0.1241436372,0.4499558354,-0.0461160000,0.0224993922
0.1241436372,0.4442830131,-0.0514360000,-0.0116334163
0.1606653763,0.4397437163,-0.0266250000,-0.0389459140
0.1606653763,0.4389968305,0.0137820000,-0.0434398517
0.1606653763,0.4424799577,0.0461160000,-0.0224822211
0.1031436372,0.4783423132,0.0514360000,0.0116516176
0.1031436372,0.4828817504,0.0266250000,0.0389649600
0.1031436372,0.4836286362,-0.0137820000,0.0434588977
0.1031436372,0.4801453685,-0.0461160000,0.0225004224
0.1031436372,0.4744725462,-0.0514360000,-0.0116323860
0.1396653763,0.4699331090,-0.0266250000,-0.0389457284
0.1396653763,0.4691862232,0.0137820000,-0.0434396661
0.1396653763,0.4726694908,0.0461160000,-0.0224811909
0.1031436372,0.5085318463,0.0514360000,0.0116526478
0.1031436372,0.5130711431,0.0266250000,0.0389651456
0.1031436372,0.5138180289,-0.0137820000,0.0434590833
0.1031436372,0.5103347612,-0.0461160000,0.0225006080
0.1031436372,0.5046619389,-0.0514360000,-0.0116322004
0.1396653763,0.5001226421,-0.0266250000,-0.0389446981
0.1396653763,0.4993757563,0.0137820000,-0.0434386358
0.1396653763,0.5028588835,0.0461160000,-0.0224810053
0.1031436372,0.5387212390,0.0514360000,0.0116528334
0.1031436372,0.5432606761,0.0266250000,0.0389661758
0.1031436372,0.5440075620,-0.0137820000,0.0434601135
0.1031436372,0.5405242943,-0.0461160000,0.0225016383
0.1031436372,0.5348514720,-0.0514360000,-0.0116311702
0.1396653763,0.5303120348,-0.0266250000,-0.0389445126
0.1396653763,0.5295651490,0.0137820000,-0.0434384503
0.1396653763,0.5330484166,0.0461160000,-0.0224799750
0.1031436372,0.5689107721,0.0514360000,0.0116538637
0.1031436372,0.5734500688,0.0266250000,0.0389663614
0.1031436372,0.5741969547,-0.0137820000,0.0434602991
0.1031436372,0.5707136870,-0.0461160000,0.0225018238
0.1031436372,0.5650408647,-0.0514360000,-0.0116309846
0.1396653763,0.5605015679,-0.0266250000,-0.0389434823
0.1396653763,0.5597546821,0.0137820000,-0.0434374200
0.1396653763,0.5632378093,0.0461160000,-0.0224797895
0.1031436372,0.5991001648,0.0514360000,0.0116540492
0.0790007104,0.6036396019,0.0266250000,0.0389673917
0.0790007104,0.6043864877,-0.0137820000,0.0434613294
0.0790007104,0.6009032201,-0.0461160000,0.0225028541
0.1031436372,0.5952303978,-0.0514360000,-0.0116299543
0.1396653763,0.5906909606,-0.0266250000,-0.0389432968
0.1396653763,0.5899440748,0.0137820000,-0.0434372345
0.1396653763,0.5934273424,0.0461160000,-0.0224787592
0.0790007104,0.6292896978,0.0514360000,0.0116550795
0.0790007104,0.6338289946,0.0266250000,0.0389675772
0.0790007104,0.6345758804,-0.0137820000,0.0434615149
0.0790007104,0.6310926128,-0.0461160000,0.0225030396
0.0790007104,0.6254197905,-0.0514360000,-0.0116297688
0.1155224495,0.6208804937,-0.0266250000,-0.0389422665
0.1155224495,0.6201336079,0.0137820000,-0.0434362042
0.1155224495,0.6236167351,0.0461160000,-0.0224785737
0.0790007104,0.6594790905,0.0514360000,0.0116552650
0.0790007104,0.6640185277,0.0266250000,0.0389686075
0.0790007104,0.6647654135,-0.0137820000,0.0434625452
0.0790007104,0.6612821459,-0.0461160000,0.0225040699
0.0790007104,0.6556093235,-0.0514360000,-0.0116287385
0.1155224495,0.6510698864,-0.0266250000,-0.0389420809
0.1155224495,0.6503230006,0.0137820000,-0.0434360187
0.1155224495,0.6538062682,0.0461160000,-0.0224775434
0.0790007104,0.6896686236,0.0514360000,0.0116562953
0.0790007104,0.6942079204,0.0266250000,0.0389687930
0.0790007104,0.6949548062,-0.0137820000,0.0434627307
0.0790007104,0.6914715386,-0.0461160000,0.0225042555
0.0790007104,0.6857987162,-0.0514360000,-0.0116285530
0.1155224495,0.6812594195,-0.0266250000,-0.0389410507
0.1155224495,0.6805125337,0.0137820000,-0.0434349884
0.1155224495,0.6839956609,0.0461160000,-0.0224773578
0.0790007104,0.7198580163,0.0514360000,0.0116564809
0.0790007104,0.7243974535,0.0266250000,0.0389698233
0.0790007104,0.7251443393,-0.0137820000,0.0434637610
0.0790007104,0.7216610717,-0.0461160000,0.0225052857
0.0790007104,0.7159882493,-0.0514360000,-0.0116275227
0.1155224495,0.7114488122,-0.0266250000,-0.0389408651
0.1155224495,0.7107019264,0.0137820000,-0.0434348028
0.1155224495,0.7141851940,0.0461160000,-0.0224763276
0.0790007104,0.7500475494,0.0514360000,0.0116575111
0.0790007104,0.7545868462,0.0266250000,0.0389700089
0.0790007104,0.7553337320,-0.0137820000,0.0434639466
0.0790007104,0.7518504644,-0.0461160000,0.0225054713
0.0790007104,0.7461776420,-0.0514360000,-0.0116273371
0.1155224495,0.7416383453,-0.0266250000,-0.0389398348
0.1155224495,0.7408914594,0.0137820000,-0.0434337726
0.1155224495,0.7443745867,0.0461160000,-0.0224761420
0.0270007104,0.7802369421,0.0514360000,0.0116576967
0.0270007104,0.7847763793,0.0266250000,0.0389710391
0.0270007104,0.7855232651,-0.0137820000,0.0434649768
0.0270007104,0.7820399975,-0.0461160000,0.0225065016
0.0270007104,0.7763671751,-0.0514360000,-0.0116263069
0.0235224495,0.7718277379,-0.0266250000,-0.0389396493
0.0235224495,0.7710808521,0.0137820000,-0.0434335870
0.0235224495,0.7745641198,0.0461160000,-0.0224751117
0.0448666194,0.8104264752,0.0514360000,0.0116587270
0.0448666194,0.8149657720,0.0266250000,0.0389712247
0.0448666194,0.8157126578,-0.0137820000,0.0434651624
0.0448666194,0.8122295306,-0.0461160000,0.0225075318
0.0448666194,0.8065565678,-0.0514360000,-0.0116261213
0.0813883585,0.8020172710,-0.0266250000,-0.0389386190
0.0813883585,0.8012703852,0.0137820000,-0.0434325567
0.0813883585,0.8047535125,0.0461160000,-0.0224749262
0.0448666194,0.8406158679,0.0514360000,0.0116589125
0.0448666194,0.8451553051,0.0266250000,0.0389722550
0.0448666194,0.8459021909,-0.0137820000,0.0434661927
0.0448666194,0.8424189233,-0.0461160000,0.0225077174
0.0448666194,0.8367461009,-0.0514360000,-0.0116250910
0.0813883585,0.8322066637,-0.0266250000,-0.0389384335
0.0813883585,0.8314597779,0.0137820000,-0.0434323712
0.0813883585,0.8349430456,0.0461160000,-0.0224738959
0.0448666194,0.8708054010,0.0514360000,0.0116599428
0.0448666194,0.8753446978,0.0266250000,0.0389724405
0.0448666194,0.8760915836,-0.0137820000,0.0434663782
0.0448666194,0.8726083160,-0.0461160000,0.0225079029
0.0448666194,0.8669354936,-0.0514360000,-0.0116249055
0.0813883585,0.8623961968,-0.0266250000,-0.0389374032
0.0813883585,0.8616493110,0.0137820000,-0.0434313409
0.0813883585,0.8651324383,0.0461160000,-0.0224737104
0.0448666194,0.9009947937,0.0514360000,0.0116601283
0.0448666194,0.9055342309,0.0266250000,0.0389734708
0.0448666194,0.9062811167,-0.0137820000,0.0434674085
0.0448666194,0.9027978490,-0.0461160000,0.0225089332
0.0448666194,0.8971250267,-0.0514360000,-0.0116238752
0.0813883585,0.8925855895,-0.0266250000,-0.0389372176
0.0813883585,0.8918387037,0.0137820000,-0.0434311554
0.0813883585,0.8953219713,0.0461160000,-0.0224726801
0.0448666194,0.9311843268,0.0514360000,0.0116611586
0.0448666194,0.9357236236,0.0266250000,0.0389736563
0.0448666194,0.9364705094,-0.0137820000,0.0434675940
0.0448666194,0.9329872417,-0.0461160000,0.0225091188
0.0448666194,0.9273144194,-0.0514360000,-0.0116236897
0.0813883585,0.9227751226,-0.0266250000,-0.0389361874
0.0813883585,0.9220282368,0.0137820000,-0.0434301251
0.0813883585,0.9255113640,0.0461160000,-0.0224724945
0.0448666194,0.9613737195,0.0514360000,0.0116613442
0.0448666194,0.9659131567,0.0266250000,0.0389746866
0.0448666194,0.9666600425,-0.0137820000,0.0434686243
0.0448666194,0.9631767748,-0.0461160000,0.0225101490
0.0448666194,0.9575039525,-0.0514360000,-0.0116226594
0.0813883585,0.9529645153,-0.0266250000,-0.0389360018
0.0813883585,0.9522176295,0.0137820000,-0.0434299395
0.0813883585,0.9557008971,0.0461160000,-0.0224714643
0.0448666194,0.9915632526,0.0514360000,0.0116623744
0.0448666194,0.9961025494,0.0266250000,0.0389748721
0.0448666194,0.9968494352,-0.0137820000,0.0434688099
0.0448666194,0.9933661675,-0.0461160000,0.0225103346
0.0448666194,0.9876933452,-0.0514360000,-0.0116224738
0.0813883585,0.9831540484,-0.0266250000,-0.0389349715
0.0813883585,0.9824071626,0.0137820000,-0.0434289093
0.0813883585,0.9858902898,0.0461160000,-0.0224712787
0.0448666194,1.0217526453,0.0514360000,0.0116625600
0.0448666194,1.0262920824,0.0266250000,0.0389759024
0.0448666194,1.0270389682,-0.0137820000,0.0434698401
0.0448666194,1.0235557006,-0.0461160000,0.0225113649
0.0448666194,1.0178828783,-0.0514360000,-0.0116214436
0.0813883585,1.0133434411,-0.0266250000,-0.0389347860
0.0813883585,1.0125965553,0.0137820000,-0.0434287237
0.0813883585,1.0160798229,0.0461160000,-0.0224702484
0.0448666194,1.0519421784,0.0514360000,0.0116635903
0.0448666194,1.0564814751,0.0266250000,0.0389760880
0.0448666194,1.0572283609,-0.0137820000,0.0434700257
0.0448666194,1.0537450933,-0.0461160000,0.0225115504
0.0448666194,1.0480722710,-0.0514360000,-0.0116212580
0.0813883585,1.0435329742,-0.0266250000,-0.0389337557
0.0813883585,1.0427860884,0.0137820000,-0.0434276934
0.0813883585,1.0462692156,0.0461160000,-0.0224700629
0.0448666194,1.0821315711,0.0514360000,0.0116637758
0.0448666194,1.0866710082,0.0266250000,0.0389771182
0.0448666194,1.0874178940,-0.0137820000,0.0434710560
0.0448666194,1.0839346264,-0.0461160000,0.0225125807
0.0448666194,1.0782618041,-0.0514360000,-0.0116202277
0.0813883585,1.0737223669,-0.0266250000,-0.0389335702
0.0813883585,1.0729754811,0.0137820000,-0.0434275079
0.0813883585,1.0764587487,0.0461160000,-0.0224690326
0.0448666194,1.1123211041,0.0514360000,0.0116648061
0.0448666194,1.1168604009,0.0266250000,0.0389773038
0.0448666194,1.1176072867,-0.0137820000,0.0434712415
0.0448666194,1.1141241595,-0.0461160000,0.0225136110
0.0448666194,1.1084511968,-0.0514360000,-0.0116200422
0.0813883585,1.1039119000,-0.0266250000,-0.0389325399
0.0813883585,1.1031650142,0.0137820000,-0.0434264776
0.0813883585,1.1066481414,0.0461160000,-0.0224688471
0.0448666194,1.1425104968,0.0514360000,0.0116649916
0.0448666194,1.1470499340,0.0266250000,0.0389783341
0.0448666194,1.1477968198,-0.0137820000,0.0434722718
0.0448666194,1.1443135522,-0.0461160000,0.0225137965
0.0448666194,1.1386407298,-0.0514360000,-0.0116190119
0.0813883585,1.1341012927,-0.0266250000,-0.0389323544
0.0813883585,1.1333544069,0.0137820000,-0.0434262921
0.0813883585,1.1368376745,0.0461160000,-0.0224678168
0.0448666194,1.1727000299,0.0514360000,0.0116660219
0.0448666194,1.1772393267,0.0266250000,0.0389785196
0.0448666194,1.1779862125,-0.0137820000,0.0434724573
0.0448666194,1.1745029449,-0.0461160000,0.0225139821
0.0448666194,1.1688301225,-0.0514360000,-0.0116188264
0.0813883585,1.1642908258,-0.0266250000,-0.0389313241
0.0813883585,1.1635439400,0.0137820000,-0.0434252618
0.0813883585,1.1670270672,0.0461160000,-0.0224676312
0.0448666194,1.2028894226,0.0514360000,0.0116662075
0.0448666194,1.2074288598,0.0266250000,0.0389795499
0.0448666194,1.2081757456,-0.0137820000,0.0434734876
0.0448666194,1.2046924780,-0.0461160000,0.0225150123
0.0448666194,1.1990196556,-0.0514360000,-0.0116177961
0.0813883585,1.1944802185,-0.0266250000,-0.0389311385
0.0813883585,1.1937333326,0.0137820000,-0.0434250762
0.0813883585,1.1972166003,0.0461160000,-0.0224666010
0.0448666194,1.2330789557,0.0514360000,0.0116672377
0.0448666194,1.2376182525,0.0266250000,0.0389797354
0.0448666194,1.2383651383,-0.0137820000,0.0434736732
0.0448666194,1.2348820111,-0.0461160000,0.0225160426
0.0448666194,1.2292090483,-0.0514360000,-0.0116176105
0.0813883585,1.2246697515,-0.0266250000,-0.0389301083
0.0813883585,1.2239228657,0.0137820000,-0.0434240460
0.0813883585,1.2274059930,0.0461160000,-0.0224664154
0.0448666194,1.2632683484,0.0514360000,0.0116674233
0.0448666194,1.2678077856,0.0266250000,0.0389807657
0.0448666194,1.2685546714,-0.0137820000,0.0434747034
0.0448666194,1.2650714038,-0.0461160000,0.0225162282
0.0448666194,1.2593985814,-0.0514360000,-0.0116165803
0.0813883585,1.2548591442,-0.0266250000,-0.0389299227
0.0813883585,1.2541122584,0.0137820000,-0.0434238604
0.0813883585,1.2575955261,0.0461160000,-0.0224653851
0.0448666194,1.2934578815,0.0514360000,0.0116684536
0.0448666194,1.2979971783,0.0266250000,0.0389809513
0.0448666194,1.2987440641,-0.0137820000,0.0434748890
0.0448666194,1.2952609369,-0.0461160000,0.0225172584
0.0448666194,1.2895879741,-0.0514360000,-0.0116163947
0.0813883585,1.2850486773,-0.0266250000,-0.0389288924
0.0813883585,1.2843017915,0.0137820000,-0.0434228301
0.0813883585,1.2877849188,0.0461160000,-0.0224651996
0.0448666194,1.3236472742,0.0514360000,0.0116686391
0.0448666194,1.3281867114,0.0266250000,0.0389819815
0.0448666194,1.3289335972,-0.0137820000,0.0434759192
0.0448666194,1.3254503296,-0.0461160000,0.0225174440
0.0448666194,1.3197775072,-0.0514360000,-0.0116153644
0.0813883585,1.3152380700,-0.0266250000,-0.0389287069
0.0813883585,1.3144911842,0.0137820000,-0.0434226446
0.0813883585,1.3179744519,0.0461160000,-0.0224641693
0.0448666194,1.3538368073,0.0514360000,0.0116696694
0.0448666194,1.3583761041,0.0266250000,0.0389821671
0.0448666194,1.3591229899,-0.0137820000,0.0434761048
0.0448666194,1.3556398626,-0.0461160000,0.0225184743
0.0448666194,1.3499668999,-0.0514360000,-0.0116151789
0.0813883585,1.3454276031,-0.0266250000,-0.0389276766
0.0813883585,1.3446807173,0.0137820000,-0.0434216143
0.0813883585,1.3481638446,0.0461160000,-0.0224639838
0.0448666194,1.3840262000,0.0514360000,0.0116698549
0.0448666194,1.3885656372,0.0266250000,0.0389831974
0.0448666194,1.3893125230,-0.0137820000,0.0434771351
0.0448666194,1.3858292553,-0.0461160000,0.0225186598
0.0448666194,1.3801564330,-0.0514360000,-0.0116141486
0.0813883585,1.3756169958,-0.0266250000,-0.0389274911
0.0813883585,1.3748701100,0.0137820000,-0.0434214288
0.0813883585,1.3783533776,0.0461160000,-0.0224629535
0.0806714014,-0.0340303311,0.0046760000,0.0008966252
0.0806714014,-0.0336177188,0.0024200000,0.0033792723
0.0806714014,-0.0335497691,-0.0012530000,0.0037881193
0.0806714014,-0.0338664936,-0.0041920000,0.0018824194
0.0806714014,-0.0343821536,-0.0046760000,-0.0012202560
0.0806714014,-0.0347947659,-0.0024200000,-0.0037029032
0.0806714014,-0.0348627157,0.0012530000,-0.0041117501
0.0806714014,-0.0345459912,0.0041920000,-0.0022060502
0.0806714014,-0.0129825155,0.0093520000,0.0019716010
0.0806714014,-0.0121571506,0.0048410000,0.0069377400
0.0806714014,-0.0120213914,-0.0025060000,0.0077545892
0.0806714014,-0.0126547001,-0.0083850000,0.0039440342
0.0806714014,-0.0136861606,-0.0093520000,-0.0022621614
0.0806714014,-0.0145115256,-0.0048410000,-0.0072283004
0.0806714014,-0.0146472847,0.0025060000,-0.0080451496
0.0806714014,-0.0140139761,0.0083850000,-0.0042345946
0.0782714014,0.0080653000,0.0140280000,0.0030465768
0.0782714014,0.0093032773,0.0072610000,0.0104953630
0.0782714014,0.0095069862,-0.0037590000,0.0117210592
0.0782714014,0.0085569531,-0.0125770000,0.0060048042
0.0782714014,0.0070098325,-0.0140280000,-0.0033040668
0.0782714014,0.0057718552,-0.0072610000,-0.0107528530
0.0782714014,0.0055681463,0.0037590000,-0.0119785492
0.0782714014,0.0065181794,0.0125770000,-0.0062622942
0.0782714014,0.0291131156,0.0187040000,0.0041215526
0.0782714014,0.0307637052,0.0096820000,0.0140529860
0.0782714014,0.0310353638,-0.0050120000,0.0156875291
0.0782714014,0.0297687466,-0.0167690000,0.0080664189
0.0782714014,0.0277058255,-0.0187040000,-0.0043459722
0.0782714014,0.0260552360,-0.0096820000,-0.0142774055
0.0782714014,0.0257835773,0.0050120000,-0.0159119487
0.0782714014,0.0270501945,0.0167690000,-0.0082908385
0.0782714014,0.0501609312,0.0233800000,0.0051965284
0.0782714014,0.0522242734,0.0121020000,0.0176114536
0.0782714014,0.0525637415,-0.0062650000,0.0196539990
0.0782714014,0.0509803997,-0.0209620000,0.0101271890
0.0782714014,0.0484018186,-0.0233800000,-0.0053878775
0.0782714014,0.0463384763,-0.0121020000,-0.0178028028
0.0782714014,0.0459990083,0.0062650000,-0.0198453482
0.0782714014,0.0475823501,0.0209620000,-0.0103185381
0.0782714014,0.0712087468,0.0280560000,0.0062715042
0.0782714014,0.0736847013,0.0145230000,0.0211690766
0.0782714014,0.0740921191,-0.0075180000,0.0236204689
0.0782714014,0.0721921932,-0.0251540000,0.0121888037
0.0782714014,0.0690978116,-0.0280560000,-0.0064297829
0.1147931405,0.0666218571,-0.0145230000,-0.0213273554
0.1147931405,0.0662144393,0.0075180000,-0.0237787477
0.0782714014,0.0681143652,0.0251540000,-0.0123470825
0.0782714014,0.0922564220,0.0327320000,0.0073456352
0.0782714014,0.0951451292,0.0169430000,0.0247266996
0.0782714014,0.0956204967,-0.0087700000,0.0275869389
0.0782714014,0.0934038463,-0.0293460000,0.0142495738
0.0782714014,0.0897939451,-0.0327320000,-0.0074708436
0.1147931405,0.0869052378,-0.0169430000,-0.0248519079
0.1147931405,0.0864298703,0.0087700000,-0.0277121472
0.0782714014,0.0886465207,0.0293460000,-0.0143747821
0.0792714014,0.1133042375,0.0374080000,0.0084206110
0.0792714014,0.1166056974,0.0193640000,0.0282851673
0.0792714014,0.1171488743,-0.0100230000,0.0315534088
0.0792714014,0.1146156398,-0.0335390000,0.0163111885
0.0792714014,0.1104899381,-0.0374080000,-0.0085127490
0.1157931405,0.1071884782,-0.0193640000,-0.0283773052
0.1157931405,0.1066453013,0.0100230000,-0.0316455467
0.0792714014,0.1091785358,0.0335390000,-0.0164033264
0.0792714014,0.1343520531,0.0420840000,0.0094955868
0.0792714014,0.1380661253,0.0217840000,0.0318427902
0.0792714014,0.1386772520,-0.0112760000,0.0355198787
0.0792714014,0.1358272930,-0.0377310000,0.0183719585
0.0792714014,0.1311859312,-0.0420840000,-0.0095546543
0.1157931405,0.1274718590,-0.0217840000,-0.0319018577
0.1157931405,0.1268607323,0.0112760000,-0.0355789462
0.0792714014,0.1297106913,0.0377310000,-0.0184310260
0.0792714014,0.1553998687,0.0467600000,0.0105705626
0.0792714014,0.1595266936,0.0242050000,0.0354012579
0.0792714014,0.1602056296,-0.0125290000,0.0394863487
0.0792714014,0.1570390865,-0.0419240000,0.0204335733
0.0792714014,0.1518819242,-0.0467600000,-0.0105965597
0.1157931405,0.1477550993,-0.0242050000,-0.0354272550
0.1157931405,0.1470761633,0.0125290000,-0.0395123457
0.1157931405,0.1502427064,0.0419240000,-0.0204595704
0.0792714014,0.1764476843,0.0514360000,0.0116455384
0.0792714014,0.1809871214,0.0266250000,0.0389588809
0.0792714014,0.1817340072,-0.0137820000,0.0434528186
0.0792714014,0.1782507396,-0.0461160000,0.0224943433
0.0792714014,0.1725779172,-0.0514360000,-0.0116384651
0.1157931405,0.1680384801,-0.0266250000,-0.0389518075
0.1157931405,0.1672915943,0.0137820000,-0.0434457452
0.1157931405,0.1707748619,0.0461160000,-0.0224872700
0.0467826758,1.3840262000,0.0514360000,0.0116698549
0.0467826758,1.3885656372,0.0266250000,0.0389831974
0.0467826758,1.3893125230,-0.0137820000,0.0434771351
0.0467826758,1.3858292553,-0.0461160000,0.0225186598
0.0467826758,1.3801564330,-0.0514360000,-0.0116141486
0.0833044149,1.3756169958,-0.0266250000,-0.0389274911
0.0833044149,1.3748701100,0.0137820000,-0.0434214288
0.0833044149,1.3783533776,0.0461160000,-0.0224629535
0.0467826758,1.4044109407,0.0487280000,0.0110592802
0.0467826758,1.4087114305,0.0252240000,0.0369349004
0.0467826758,1.4094190066,-0.0130570000,0.0411923151
0.0467826758,1.4061190910,-0.0436890000,0.0213370509
0.0467826758,1.4007448826,-0.0487280000,-0.0109990272
0.0833044149,1.3964443927,-0.0252240000,-0.0368746475
0.0833044149,1.3957368167,0.0130570000,-0.0411320621
0.0833044149,1.3990367323,0.0436890000,-0.0212767979
0.0467826758,1.4247958217,0.0460210000,0.0104495501
0.0467826758,1.4288573643,0.0238220000,0.0348874482
0.0467826758,1.4295256306,-0.0123310000,0.0389083399
0.0467826758,1.4264090670,-0.0412620000,0.0201562866
0.0467826758,1.4213333321,-0.0460210000,-0.0103839058
0.0833044149,1.4172717896,-0.0238220000,-0.0348218039
0.0833044149,1.4166035233,0.0123310000,-0.0388426955
0.0833044149,1.4197200869,0.0412620000,-0.0200906423
0.0467826758,1.4451815507,0.0433140000,0.0098388265
0.0467826758,1.4490041460,0.0224210000,0.0328390024
0.0467826758,1.4496331025,-0.0116060000,0.0366233710
0.0467826758,1.4466998910,-0.0388340000,0.0189745288
0.0467826758,1.4419227700,-0.0433140000,-0.0097689333
0.0833044149,1.4381001748,-0.0224210000,-0.0327691092
0.0833044149,1.4374712183,0.0116060000,-0.0365534778
0.0467826758,1.4404044298,0.0388340000,-0.0189046356
0.0467826758,1.4655662914,0.0406070000,0.0092282518
0.0467826758,1.4691500798,0.0210200000,0.0307915502
0.0467826758,1.4697397265,-0.0108810000,0.0343393958
0.0467826758,1.4669897266,-0.0364070000,0.0177929199
0.0467826758,1.4625112196,-0.0406070000,-0.0091538118
0.0833044149,1.4589274312,-0.0210200000,-0.0307171103
0.0833044149,1.4583379249,0.0108810000,-0.0342641111
0.0467826758,1.4610877844,0.0364070000,-0.0177184800
0.0467826758,1.4859511725,0.0379000000,0.0086185217
0.0467826758,1.4892958731,0.0196180000,0.0287432533
0.0467826758,1.4898462101,-0.0101550000,0.0320545758
0.0467826758,1.4872797026,-0.0339800000,0.0166121557
0.0467826758,1.4830996692,-0.0379000000,-0.0085386904
0.0833044149,1.4797548281,-0.0196180000,-0.0286642667
0.0833044149,1.4792044912,0.0101550000,-0.0319755892
0.0467826758,1.4817711390,0.0339800000,-0.0165323244
0.0467826758,1.5063359132,0.0351930000,0.0080079470
0.0467826758,1.5094418069,0.0182170000,0.0266958011
0.0467826758,1.5099528340,-0.0094300000,0.0297706006
0.0467826758,1.5075695383,-0.0315530000,0.0154305467
0.0467826758,1.5036881187,-0.0351930000,-0.0079235690
0.0833044149,1.5005822250,-0.0182170000,-0.0266114231
0.0833044149,1.5000711978,0.0094300000,-0.0296862226
0.0467826758,1.5024544936,0.0315530000,-0.0153461688
0.0467826758,1.5267216422,0.0324860000,0.0073972234
0.0467826758,1.5295885886,0.0168160000,0.0246473553
0.0467826758,1.5300603060,-0.0087040000,0.0274856317
0.0467826758,1.5278603622,-0.0291260000,0.0142487889
0.0467826758,1.5242775566,-0.0324860000,-0.0073085965
0.0833044149,1.5214106102,-0.0168160000,-0.0245587284
0.0833044149,1.5209388928,0.0087040000,-0.0273970049
0.0467826758,1.5231388366,0.0291260000,-0.0141601620
0.0467826758,1.5471063828,0.0297780000,0.0067866486
0.0467826758,1.5497345224,0.0154140000,0.0225999031
0.0467826758,1.5501669300,-0.0079790000,0.0252016565
0.0467826758,1.5481503383,-0.0266990000,0.0130680247
0.0467826758,1.5448660062,-0.0297780000,-0.0066934751
0.0833044149,1.5422380070,-0.0154140000,-0.0225058848
0.0833044149,1.5418055995,0.0079790000,-0.0251076382
0.0467826758,1.5438221912,0.0266990000,-0.0129740064
0.0467826758,1.5674912639,0.0270710000,0.0061769186
0.0467826758,1.5698804561,0.0140130000,0.0205524509
0.0467826758,1.5702734135,-0.0072540000,0.0229168365
0.0467826758,1.5684401739,-0.0242720000,0.0118864157
0.0467826758,1.5654544558,-0.0270710000,-0.0060783537
0.0833044149,1.5630652635,-0.0140130000,-0.0204538860
0.0833044149,1.5626723061,0.0072540000,-0.0228182716
0.0467826758,1.5645055458,0.0242720000,-0.0117878508
0.0467826758,1.5878760046,0.0243640000,0.0055663438
0.0467826758,1.5900262495,0.0126120000,0.0185041539
0.0467826758,1.5903800375,-0.0065280000,0.0206328613
0.0467826758,1.5887301499,-0.0218440000,0.0107056515
0.0467826758,1.5860429053,-0.0243640000,-0.0054632322
0.0467826758,1.5838926604,-0.0126120000,-0.0184010424
0.0833044149,1.5835388724,0.0065280000,-0.0205297497
0.0467826758,1.5851889004,0.0218440000,-0.0106016952
0.0467826758,1.6082607453,0.0216570000,0.0049557691
0.0467826758,1.6101721833,0.0112110000,0.0164567017
0.0467826758,1.6104865211,-0.0058030000,0.0183480413
0.0467826758,1.6090199856,-0.0194170000,0.0095240426
0.0467826758,1.6066313549,-0.0216570000,-0.0048481108
0.0467826758,1.6047200573,-0.0112110000,-0.0163481988
0.0467826758,1.6044055790,0.0058030000,-0.0182403831
0.0467826758,1.6058722550,0.0194170000,-0.0094155396
0.0467826758,1.6286466147,0.0189500000,0.0043458902
0.0467826758,1.6303189650,0.0098090000,0.0144082559
0.0467826758,1.6305941334,-0.0050780000,0.0160639172
0.0467826758,1.6293108095,-0.0169900000,0.0083422848
0.0467826758,1.6272207928,-0.0189500000,-0.0042331383
0.0467826758,1.6255484425,-0.0098090000,-0.0142955041
0.0467826758,1.6252732740,0.0050780000,-0.0159511653
0.0467826758,1.6265565979,0.0169900000,-0.0082295329
0.0467826758,1.6490313553,0.0162430000,0.0037353154
0.0467826758,1.6504648988,0.0084080000,0.0123608037
0.0467826758,1.6507006170,-0.0043520000,0.0137790972
0.0467826758,1.6496007856,-0.0145630000,0.0071615205
0.0467826758,1.6478092424,-0.0162430000,-0.0036180169
0.0467826758,1.6463758393,-0.0084080000,-0.0122426605
0.0467826758,1.6461399807,0.0043520000,-0.0136617987
0.0467826758,1.6472399525,0.0145630000,-0.0070433773
0.0467826758,1.6694160960,0.0135360000,0.0031247406
0.0467826758,1.6706106921,0.0070070000,0.0103125068
0.0467826758,1.6708072410,-0.0036270000,0.0114951220
0.0467826758,1.6698906212,-0.0121360000,0.0059799116
0.0467826758,1.6683976919,-0.0135360000,-0.0030028955
0.0467826758,1.6672032362,-0.0070070000,-0.0101898169
0.0467826758,1.6670066873,0.0036270000,-0.0113724321
0.0467826758,1.6679233071,0.0121360000,-0.0058572217
0.0467826758,1.6898008367,0.0108290000,0.0025141659
0.0467826758,1.6907566259,0.0056050000,0.0082650546
0.0467826758,1.6909138650,-0.0029010000,0.0092111467
0.0467826758,1.6901804568,-0.0097090000,0.0047983027
0.0467826758,1.6889862819,-0.0108290000,-0.0023869293
0.0467826758,1.6880304927,-0.0056050000,-0.0081378180
0.0467826758,1.6878732536,0.0029010000,-0.0090839102
0.0467826758,1.6886066617,0.0097090000,-0.0046710661
0.0467826758,1.7101867061,0.0081210000,0.0019042870
0.0467826758,1.7109034076,0.0042040000,0.0062166088
0.0467826758,1.7110213369,-0.0021760000,0.0069261779
0.0467826758,1.7104714212,-0.0072810000,0.0036173896
0.0467826758,1.7095757198,-0.0081210000,-0.0017719568
0.0467826758,1.7088588779,-0.0042040000,-0.0060851233
0.0467826758,1.7087409485,0.0021760000,-0.0067946924
0.0467826758,1.7092910047,0.0072810000,-0.0034850594
0.0467826758,1.7305714468,0.0054140000,0.0012937122
0.0467826758,1.7310493414,0.0028030000,0.0041691566
0.0467826758,1.7311279609,-0.0014510000,0.0046422027
0.0467826758,1.7307612568,-0.0048540000,0.0024357806
0.0467826758,1.7301641694,-0.0054140000,-0.0011568354
0.0467826758,1.7296862748,-0.0028030000,-0.0040322797
0.0467826758,1.7296076552,0.0014510000,-0.0045053258
0.0467826758,1.7299743593,0.0048540000,-0.0022989037
0.0467826758,1.7509561874,0.0027070000,0.0006831375
0.0467826758,1.7511951347,0.0014010000,0.0021208597
0.0467826758,1.7512344445,-0.0007250000,0.0023573827
0.0467826758,1.7510510925,-0.0024270000,0.0012541717
0.0467826758,1.7507526189,-0.0027070000,-0.0005417140
0.0467826758,1.7505136716,-0.0014010000,-0.0019794361
0.0467826758,1.7504743618,0.0007250000,-0.0022159592
0.0467826758,1.7506577139,0.0024270000,-0.0011127481